[
[1500,0,885,864,887,1025,796,760,781,0,919,0,1208,0,1154,0,1143,0,1102,952,0,0,0,1071,905,0,1128,0,831,882,856,0,962,811,0,1016,905,0,950,0,760,1027,759,0,0,0,899,747,0,796],
[0,1500,0,816,894,0,895,1066,0,771,912,925,0,0,0,1048,0,0,0,0,1057,0,0,1170,0,974,0,0,0,781,886,753,0,0,1114,0,892,929,0,828,1037,1042,940,889,835,873,0,745,0,813],
[885,0,1500,0,779,808,0,811,1369,910,0,0,0,0,1087,843,1229,971,1025,0,555,1006,838,891,1225,0,0,985,1099,1004,481,536,987,1278,885,1289,764,0,0,945,935,0,499,789,801,997,851,1055,0,422],
[864,816,556,1500,469,857,921,965,0,774,0,0,895,445,419,0,560,0,0,786,765,0,0,578,756,914,1056,410,906,759,1105,1263,819,0,0,0,460,1168,1041,1012,1016,1392,1201,0,407,0,0,0,761,0],
[887,894,779,469,1500,0,1230,1233,0,0,953,0,0,792,1201,1127,1265,564,901,744,560,1208,945,1089,871,916,867,1111,0,907,566,566,569,1144,1318,788,482,0,0,582,900,0,592,0,996,789,938,0,813,1314],
[1025,0,808,857,0,1500,450,0,770,0,770,511,1246,918,891,0,585,856,1023,980,539,482,818,0,604,571,1139,538,1054,0,803,761,1068,544,0,795,842,862,1170,484,0,748,0,492,569,555,1140,690,882,606],
[796,895,0,921,1230,450,1500,1338,580,0,799,0,647,0,898,987,1029,644,588,0,0,1138,888,979,691,935,862,878,0,1197,833,986,0,0,1198,824,0,483,0,0,1092,876,943,0,884,655,748,0,1045,1242],
[760,1066,811,965,1233,0,1338,1500,841,574,785,496,521,422,805,1224,1131,557,699,594,700,1037,834,1066,1068,878,828,957,610,978,671,869,634,954,1394,766,0,509,545,1009,1321,980,830,517,781,536,609,531,794,1078],
[781,456,1369,696,0,770,580,841,1500,1148,0,0,458,458,893,834,1168,1065,1017,844,641,745,658,765,1323,0,694,1120,1250,617,585,696,1136,1248,865,1206,0,567,0,1102,997,544,624,825,521,0,833,1092,0,428],
[521,771,910,774,0,0,0,574,1148,1500,553,857,449,648,0,820,628,1222,466,994,1221,526,0,788,1049,481,0,1010,1201,0,781,777,1035,747,534,936,1057,1176,461,961,996,0,790,1080,0,0,0,931,0,0],
[919,912,0,661,953,770,799,785,0,553,1500,635,1234,1239,0,1156,639,0,672,692,832,956,786,973,756,805,926,699,0,655,427,0,939,620,0,0,1017,770,1049,0,799,900,0,768,749,568,625,625,1044,918],
[0,925,689,0,0,511,0,496,0,857,635,1500,450,1098,0,678,561,614,828,452,686,743,915,600,636,913,436,772,634,559,576,517,649,997,852,542,1036,650,548,945,401,0,542,1387,1133,1165,782,1295,637,658],
[1208,540,585,895,644,1246,647,521,458,449,1234,450,1500,1089,921,0,627,420,1009,0,511,652,939,694,691,631,1255,0,914,806,603,495,1080,533,0,487,979,787,1228,0,546,990,512,436,0,500,941,650,1051,761],
[0,0,0,445,792,918,0,422,458,648,1239,1098,1089,1500,803,794,484,424,929,667,626,0,923,567,614,972,920,0,768,0,452,0,988,753,564,0,1108,741,1123,480,0,663,0,1064,879,686,945,1010,890,873],
[1154,468,1087,419,1201,891,898,805,893,0,0,0,921,803,1500,0,1280,582,1317,691,0,1017,1152,846,846,605,1095,819,630,1032,554,457,782,1230,961,993,659,0,742,541,515,478,484,582,1116,935,1287,985,808,1049],
[0,1048,843,615,1127,0,987,1224,834,820,1156,678,0,794,0,1500,1017,556,609,557,902,1217,0,1222,1231,573,624,1067,857,784,0,0,945,1050,1204,622,851,560,436,771,1298,0,0,924,0,695,0,782,829,760],
[1143,689,1229,560,1265,585,1029,1131,1168,628,639,561,627,484,1280,1017,1500,855,1071,873,539,1046,768,1171,1185,464,844,1104,768,932,626,558,834,1308,1173,1232,621,0,450,694,1020,623,629,564,769,828,914,904,494,915],
[0,565,971,690,564,856,644,557,1065,1222,0,614,420,424,582,556,855,1500,442,1346,1206,655,0,843,746,521,0,1130,843,549,1094,989,671,681,482,1297,752,983,554,624,834,591,1045,773,0,859,583,631,0,511],
[1102,426,1025,671,901,1023,588,699,1017,466,672,828,1009,929,1317,609,1071,442,1500,561,0,639,1202,559,979,667,1275,618,967,765,536,529,1101,1177,821,782,762,0,889,841,472,0,488,603,983,662,1330,1166,0,851],
[952,569,682,786,744,980,0,594,844,994,692,452,0,667,691,557,873,1346,561,1500,1111,550,0,838,647,751,673,1076,744,405,1167,995,0,557,437,1108,0,989,956,0,0,842,1076,538,0,577,753,482,0,822],
[550,1057,555,765,560,539,0,700,641,1221,832,686,511,626,0,902,539,1206,0,1111,1500,743,0,1049,668,693,0,963,694,538,981,864,580,415,589,848,944,1238,590,578,1037,814,978,942,0,827,0,493,528,513],
[632,0,1006,0,1208,482,1138,1037,745,526,956,743,652,0,1017,1217,1046,655,639,550,743,1500,982,1065,889,543,576,1105,557,1140,0,0,601,1094,1134,814,644,0,0,604,959,0,0,937,1094,1067,0,0,1119,913],
[688,551,838,649,945,818,888,834,658,0,786,915,939,923,1152,0,768,0,1202,0,0,982,1500,442,0,872,1155,529,664,1099,0,581,758,997,977,458,535,0,823,939,491,559,420,0,1349,803,1222,911,1248,1002],
[1071,1170,891,578,1089,0,979,1066,765,788,973,600,694,567,846,1222,1171,843,559,838,1049,1065,442,1500,1024,445,467,913,616,938,691,446,670,942,1071,1028,982,619,0,486,1178,788,679,748,699,984,0,758,514,0],
[905,0,1225,756,871,604,691,1068,1323,1049,756,636,691,614,846,1231,1185,746,979,647,668,889,0,1024,1500,0,788,1029,1281,661,0,443,1281,1245,1036,938,885,561,0,1024,1240,747,410,805,550,591,623,1055,510,468],
[476,974,0,914,916,571,935,878,0,481,805,913,631,972,605,573,464,521,667,751,693,543,872,445,0,1500,899,680,0,553,1041,1138,0,467,879,0,0,870,1170,827,538,1006,1080,689,851,506,918,520,859,1286],
[1128,436,675,1056,867,1139,862,828,694,0,926,436,1255,920,1095,624,844,0,1275,673,0,576,1155,467,788,899,1500,489,881,786,691,794,1038,0,696,540,518,568,1260,0,589,1062,685,0,785,0,1270,649,988,1063],
[542,615,985,410,1111,538,878,957,1120,1010,699,772,0,0,819,1067,1104,1130,618,1076,963,1105,529,913,1029,680,489,1500,801,508,567,664,795,1119,990,1005,600,523,464,0,994,0,593,983,538,764,743,773,571,868],
[831,426,1099,906,0,1054,0,610,1250,1201,0,634,914,768,630,857,768,843,967,744,694,557,664,616,1281,0,881,801,1500,469,456,572,1438,916,508,812,1010,902,663,990,936,788,469,800,0,464,0,1011,590,0],
[882,781,1004,759,907,654,1197,978,617,0,655,559,806,0,1032,784,932,549,765,405,538,1140,1099,938,661,553,786,508,469,1500,688,0,416,803,992,930,522,404,503,749,843,627,0,517,1204,1072,767,573,1133,831],
[856,886,481,1105,566,803,833,671,585,781,427,576,603,452,554,0,626,1094,536,1167,981,0,0,691,0,1041,691,567,456,688,1500,1350,0,0,542,977,539,1133,994,682,645,1113,1471,402,479,666,698,418,441,873],
[585,753,536,1263,566,761,986,869,696,777,0,517,495,0,457,0,558,989,529,995,864,0,581,446,443,1138,794,664,572,0,1350,1500,416,0,672,840,0,1089,960,996,790,1097,1427,0,500,463,774,0,673,929],
[962,454,987,819,569,1068,0,634,1136,1035,939,649,1080,988,782,945,834,671,1101,0,580,601,758,670,1281,0,1038,795,1438,416,0,416,1500,977,561,676,1068,785,814,834,859,825,0,777,453,405,830,1056,635,404],
[811,641,1278,0,1144,544,0,954,1248,747,620,997,533,753,1230,1050,1308,681,1177,557,415,1094,997,942,1245,467,0,1119,916,803,0,0,977,1500,1184,995,807,0,0,926,845,0,0,1002,1000,982,968,1271,582,741],
[660,1114,885,644,1318,0,1198,1394,865,534,0,852,0,564,961,1204,1173,482,821,437,589,1134,977,1071,1036,879,696,990,508,992,542,672,561,1184,1500,759,469,0,0,1037,1127,0,668,804,1058,835,695,841,749,1071],
[1016,562,1289,654,788,795,824,766,1206,936,0,542,487,0,993,622,1232,1297,782,1108,848,814,458,1028,938,0,540,1005,812,930,977,840,676,995,759,1500,687,589,0,692,897,553,942,591,569,1006,748,788,0,567],
[905,892,764,460,482,842,0,0,0,1057,1017,1036,979,1108,659,851,621,752,762,0,944,644,535,982,885,0,518,600,1010,522,539,0,1068,807,469,687,1500,928,651,523,624,653,416,1138,0,1009,474,1191,516,0],
[613,929,0,1168,0,862,483,509,567,1176,770,650,787,741,0,560,0,983,0,989,1238,0,0,619,561,870,568,523,902,404,1133,1089,785,0,0,589,928,1500,978,781,816,1161,1130,0,0,492,0,502,575,441],
[950,591,0,1041,677,1170,0,545,0,461,1049,548,1228,1123,742,436,450,554,889,956,590,0,823,0,0,1170,1260,464,663,503,994,960,814,0,0,0,651,978,1500,461,0,1143,924,0,601,0,1078,461,921,1091],
[0,828,945,1012,582,484,0,1009,1102,961,0,945,0,480,541,771,694,624,841,0,578,604,939,486,1024,827,0,0,990,749,682,996,834,926,1037,692,523,781,461,1500,980,810,840,871,818,639,0,946,676,567],
[760,1037,935,1016,900,0,1092,1321,997,996,799,401,546,0,515,1298,1020,834,472,0,1037,959,491,1178,1240,538,589,994,936,843,645,790,859,845,1127,897,624,816,0,980,1500,985,786,629,457,543,0,546,642,633],
[1027,1042,0,1392,636,748,876,980,544,0,900,0,990,663,478,0,623,591,0,842,814,0,559,788,747,1006,1062,0,788,627,1113,1097,825,0,0,553,653,1161,1143,810,985,1500,1159,0,408,0,579,429,624,853],
[759,940,499,1201,592,688,943,830,624,790,0,542,512,0,484,0,629,1045,488,1076,978,0,420,679,410,1080,685,593,469,0,1471,1427,0,0,668,942,416,1130,924,840,786,1159,1500,0,487,601,643,0,491,892],
[0,889,789,0,676,492,0,517,825,1080,768,1387,436,1064,582,924,564,773,603,538,942,937,0,748,805,689,0,983,800,517,402,0,777,1002,804,591,1138,0,0,871,629,0,0,1500,953,1162,549,1216,678,479],
[624,835,801,407,996,569,884,781,521,0,749,1133,0,879,1116,0,769,0,983,0,0,1094,1349,699,550,851,785,538,0,1204,479,500,453,1000,1058,569,0,0,601,818,457,408,487,953,1500,1194,992,990,1127,960],
[636,873,997,0,789,555,655,536,0,0,568,1165,500,686,935,695,828,859,662,577,827,1067,803,984,591,506,0,764,464,1072,666,463,405,982,835,1006,1009,492,0,639,543,0,601,1162,1194,1500,643,1062,0,577],
[899,0,851,639,938,1140,748,609,833,0,625,782,941,945,1287,0,914,583,1330,753,0,0,1222,0,623,918,1270,743,0,767,698,774,830,968,695,748,474,0,1078,0,0,579,643,549,992,643,1500,869,914,1107],
[747,745,1055,0,0,690,0,531,1092,931,625,1295,650,1010,985,782,904,631,1166,482,493,0,911,758,1055,520,649,773,1011,573,418,0,1056,1271,841,788,1191,502,461,946,546,429,0,1216,990,1062,869,1500,451,454],
[570,574,611,761,813,882,1045,794,0,0,1044,637,1051,890,808,829,494,0,0,0,528,1119,1248,514,510,859,988,571,590,1133,441,673,635,582,749,0,516,575,921,676,642,624,491,678,1127,0,914,451,1500,967],
[796,813,422,0,1314,606,1242,1078,428,0,918,658,761,873,1049,760,915,511,851,822,513,913,1002,0,468,1286,1063,868,0,831,873,929,404,741,1071,567,0,441,1091,567,633,853,892,479,960,577,1107,454,967,1500]
]